0 1 -57.000000
1 0 -57.000000
0 2 -51.000000
2 0 -50.000000
0 3 -56.000000
3 0 -56.000000
0 4 -53.000000
4 0 -51.000000
0 5 -58.000000
5 0 -57.000000
0 6 -53.000000
6 0 -52.000000
0 7 -52.000000
7 0 -52.000000
0 8 -56.000000
8 0 -55.000000
0 10 -52.000000
10 0 -52.000000
0 11 -59.000000
11 0 -57.000000
0 12 -60.000000
12 0 -59.000000
0 13 -54.000000
13 0 -52.000000
0 14 -57.000000
14 0 -55.000000
0 18 -52.000000
18 0 -52.000000
0 19 -55.000000
19 0 -55.000000
1 2 -58.000000
2 1 -56.000000
1 3 -57.000000
3 1 -57.000000
1 4 -54.000000
4 1 -52.000000
1 5 -54.000000
5 1 -53.000000
1 6 -51.000000
6 1 -49.000000
1 7 -55.000000
7 1 -54.000000
1 8 -58.000000
8 1 -58.000000
1 9 -52.000000
9 1 -51.000000
1 11 -59.000000
11 1 -57.000000
1 12 -55.000000
12 1 -53.000000
1 13 -59.000000
13 1 -57.000000
1 14 -51.000000
14 1 -50.000000
1 15 -54.000000
15 1 -53.000000
1 16 -54.000000
16 1 -53.000000
1 17 -53.000000
17 1 -52.000000
1 18 -51.000000
18 1 -50.000000
1 19 -55.000000
19 1 -55.000000
2 3 -57.000000
3 2 -55.000000
2 4 -58.000000
4 2 -56.000000
2 5 -55.000000
5 2 -54.000000
2 7 -58.000000
7 2 -57.000000
2 9 -52.000000
9 2 -50.000000
2 10 -54.000000
10 2 -53.000000
2 11 -53.000000
11 2 -52.000000
2 12 -53.000000
12 2 -53.000000
2 13 -53.000000
13 2 -52.000000
2 15 -58.000000
15 2 -58.000000
2 16 -54.000000
16 2 -53.000000
2 17 -60.000000
17 2 -59.000000
2 18 -55.000000
18 2 -54.000000
2 19 -54.000000
19 2 -54.000000
3 4 -51.000000
4 3 -50.000000
3 5 -52.000000
5 3 -50.000000
3 6 -54.000000
6 3 -54.000000
3 7 -54.000000
7 3 -53.000000
3 8 -56.000000
8 3 -56.000000
3 9 -60.000000
9 3 -58.000000
3 11 -52.000000
11 3 -51.000000
3 12 -57.000000
12 3 -55.000000
3 13 -60.000000
13 3 -60.000000
3 14 -54.000000
14 3 -52.000000
3 15 -54.000000
15 3 -53.000000
3 16 -55.000000
16 3 -53.000000
3 17 -51.000000
17 3 -50.000000
3 18 -54.000000
18 3 -54.000000
3 19 -53.000000
19 3 -53.000000
4 6 -58.000000
6 4 -56.000000
4 7 -58.000000
7 4 -58.000000
4 9 -58.000000
9 4 -56.000000
4 10 -58.000000
10 4 -57.000000
4 11 -57.000000
11 4 -56.000000
4 13 -59.000000
13 4 -59.000000
4 14 -58.000000
14 4 -56.000000
4 15 -55.000000
15 4 -55.000000
4 16 -55.000000
16 4 -55.000000
4 17 -51.000000
17 4 -49.000000
4 18 -55.000000
18 4 -55.000000
4 19 -53.000000
19 4 -53.000000
5 6 -54.000000
6 5 -54.000000
5 7 -60.000000
7 5 -60.000000
5 8 -60.000000
8 5 -59.000000
5 9 -53.000000
9 5 -51.000000
5 10 -56.000000
10 5 -55.000000
5 11 -59.000000
11 5 -58.000000
5 12 -55.000000
12 5 -54.000000
5 13 -53.000000
13 5 -51.000000
5 15 -51.000000
15 5 -50.000000
5 16 -58.000000
16 5 -58.000000
5 17 -58.000000
17 5 -58.000000
5 18 -55.000000
18 5 -53.000000
5 19 -56.000000
19 5 -54.000000
6 7 -59.000000
7 6 -58.000000
6 8 -55.000000
8 6 -54.000000
6 9 -52.000000
9 6 -50.000000
6 10 -60.000000
10 6 -58.000000
6 11 -51.000000
11 6 -50.000000
6 12 -52.000000
12 6 -52.000000
6 13 -51.000000
13 6 -49.000000
6 14 -60.000000
14 6 -60.000000
6 15 -51.000000
15 6 -49.000000
6 16 -53.000000
16 6 -52.000000
6 17 -52.000000
17 6 -51.000000
6 18 -59.000000
18 6 -58.000000
6 19 -59.000000
19 6 -59.000000
7 8 -58.000000
8 7 -57.000000
7 9 -51.000000
9 7 -49.000000
7 11 -56.000000
11 7 -55.000000
7 12 -59.000000
12 7 -57.000000
7 13 -56.000000
13 7 -55.000000
7 14 -58.000000
14 7 -57.000000
7 15 -52.000000
15 7 -52.000000
7 16 -60.000000
16 7 -58.000000
7 17 -60.000000
17 7 -60.000000
7 18 -58.000000
18 7 -56.000000
7 19 -54.000000
19 7 -52.000000
8 9 -53.000000
9 8 -53.000000
8 10 -53.000000
10 8 -52.000000
8 12 -59.000000
12 8 -58.000000
8 13 -55.000000
13 8 -55.000000
8 14 -51.000000
14 8 -49.000000
8 15 -55.000000
15 8 -54.000000
8 16 -60.000000
16 8 -59.000000
8 17 -54.000000
17 8 -52.000000
8 18 -57.000000
18 8 -55.000000
8 19 -60.000000
19 8 -60.000000
9 10 -59.000000
10 9 -58.000000
9 11 -51.000000
11 9 -50.000000
9 12 -51.000000
12 9 -49.000000
9 13 -60.000000
13 9 -60.000000
9 14 -53.000000
14 9 -51.000000
9 15 -51.000000
15 9 -49.000000
9 16 -56.000000
16 9 -56.000000
9 18 -56.000000
18 9 -55.000000
9 19 -51.000000
19 9 -51.000000
10 11 -51.000000
11 10 -51.000000
10 12 -55.000000
12 10 -53.000000
10 13 -56.000000
13 10 -54.000000
10 14 -51.000000
14 10 -51.000000
10 17 -54.000000
17 10 -53.000000
10 18 -58.000000
18 10 -57.000000
10 19 -55.000000
19 10 -53.000000
11 12 -60.000000
12 11 -59.000000
11 13 -52.000000
13 11 -52.000000
11 14 -54.000000
14 11 -54.000000
11 17 -60.000000
17 11 -58.000000
11 18 -59.000000
18 11 -57.000000
11 19 -58.000000
19 11 -56.000000
12 13 -57.000000
13 12 -56.000000
12 17 -54.000000
17 12 -53.000000
12 18 -51.000000
18 12 -49.000000
12 19 -53.000000
19 12 -52.000000
13 14 -52.000000
14 13 -50.000000
13 15 -58.000000
15 13 -56.000000
13 16 -56.000000
16 13 -56.000000
13 17 -52.000000
17 13 -50.000000
13 18 -53.000000
18 13 -53.000000
13 19 -57.000000
19 13 -55.000000
14 16 -60.000000
16 14 -58.000000
14 17 -53.000000
17 14 -51.000000
14 18 -56.000000
18 14 -56.000000
14 19 -59.000000
19 14 -58.000000
15 17 -55.000000
17 15 -54.000000
15 18 -51.000000
18 15 -51.000000
15 19 -59.000000
19 15 -57.000000
16 17 -56.000000
17 16 -55.000000
16 18 -60.000000
18 16 -59.000000
16 19 -59.000000
19 16 -58.000000
17 18 -55.000000
18 17 -55.000000
17 19 -54.000000
19 17 -53.000000
18 19 -60.000000
19 18 -58.000000
