0 1 -59.000000
0 4 -52.000000
4 0 -54.000000
4 5 -52.000000
4 8 -55.000000
8 4 -52.000000
8 9 -58.000000
8 12 -58.000000
12 8 -57.000000
12 13 -58.000000
1 0 -53.000000
1 2 -60.000000
1 5 -59.000000
5 4 -54.000000
5 1 -59.000000
5 6 -59.000000
5 9 -58.000000
9 8 -58.000000
9 5 -58.000000
9 10 -54.000000
9 13 -56.000000
13 12 -59.000000
13 9 -52.000000
13 14 -59.000000
2 1 -52.000000
2 3 -51.000000
2 6 -55.000000
6 5 -51.000000
6 2 -57.000000
6 7 -54.000000
6 10 -56.000000
10 9 -55.000000
10 6 -57.000000
10 11 -60.000000
10 14 -51.000000
14 13 -54.000000
14 10 -52.000000
14 15 -54.000000
3 2 -58.000000
3 7 -57.000000
7 6 -53.000000
7 3 -53.000000
7 11 -53.000000
11 10 -59.000000
11 7 -60.000000
11 15 -56.000000
15 14 -58.000000
15 11 -56.000000
